1 0.0517578125 0.19326500732064422 0.104492 0.387994
1 0.012695625 0.4743779941434846 0.020508000000000002 0.09370400000000004
1 0.15136743749999998 0.4919468653001464 0.060547000000000004 0.08784799999999998
1 0.2138668125 0.41874125183016103 0.041993 0.09809599999999997
1 0.3085935625 0.2840409633967789 0.034180000000000044 0.07027799999999997
1 0.33105425 0.2313321595900439 0.039063000000000014 0.02781899999999998
1 0.5371093125 0.1991210614934114 0.02636699999999992 0.04685299999999999
1 0.556640625 0.2152269633967789 0.05273399999999995 0.07027800000000001
1 0.587890625 0.3718884055636896 0.08300799999999997 0.215227
1 0.9619144375 0.1039535710102489 0.061522999999999994 0.150805
