1 0.64739425 0.6696878333333333 0.1332080000000001 0.2766659999999999
1 0.0185546875 0.7026041666666666 0.038149 0.13250000000000006
1 0.0439453125 0.7116666666666668 0.08818 0.2108329999999999
1 0.1144410625 0.6989059166666668 0.14384 0.34333399999999986
1 0.15863268749999998 0.77244825 0.07004400000000001 0.1016660000000001
1 0.578145875 0.6618229166666667 0.841151 0.40583299999999994
1 0.281280875 0.6788545 0.21575999999999998 0.3616659999999999
1 0.2279835625 0.7529163333333333 0.035022000000000025 0.10500000000000013
1 0.23185675 0.7958333333333334 0.02501500000000001 0.04333299999999992
1 0.380305125 0.789375 0.035646999999999984 0.09416699999999996
1 0.4172461875 0.7908850833333334 0.021889000000000047 0.0674999999999999
1 0.4480685 0.7583333333333334 0.07879900000000001 0.16916699999999985
1 0.4501518125 0.6402604166666667 0.04127499999999995 0.07749999999999997
1 0.4837685625 0.7395833333333334 0.035022 0.106667
1 0.49201875 0.7056253333333333 0.024389999999999967 0.07333300000000002
1 0.519767125 0.7139059166666666 0.036273 0.0925000000000001
1 0.5574013125 0.7172399166666666 0.056910000000000016 0.0925000000000001
1 0.7117951875 0.7735413333333333 0.05440899999999993 0.135834
1 0.938595875 0.3656774166666666 0.12132600000000004 0.26500000000000007
