1 0.015625 0.5125549941434846 0.0325 0.09286999999999998
1 0.0556640625 0.5002716749633969 0.113125 0.03846199999999999
1 0.0325390625 0.5203576076134699 0.019374999999999996 0.08442800000000003
1 0.0534375 0.5131953806734992 0.0175 0.10225099999999997
1 0.0624609375 0.511958767203514 0.014375000000000006 0.10975599999999999
1 0.0869921875 0.5110908653001465 0.021875000000000006 0.08911799999999999
1 0.113046875 0.5094423806734992 0.028124999999999997 0.100375
1 0.1318359375 0.5159210614934114 0.015000000000000013 0.04784299999999997
1 0.1510546875 0.5125549941434846 0.037500000000000006 0.09099400000000003
1 0.1430859375 0.5159210614934114 0.014374999999999999 0.04784299999999997
1 0.162734375 0.5057163191800879 0.013125000000000026 0.05347099999999999
1 0.1756640625 0.5026037057101025 0.019375000000000003 0.06285199999999998
1 0.2151171875 0.5023761903367496 0.023125000000000007 0.05159499999999995
1 0.255546875 0.49214550951683744 0.05874999999999997 0.10506499999999998
1 0.2603515625 0.5059448345534406 0.03375000000000003 0.06472800000000001
1 0.2776171875 0.5138607057101025 0.023125000000000007 0.06285199999999998
1 0.2975390625 0.4996754480234261 0.018125000000000002 0.05722399999999995
1 0.3180078125 0.4948010922401171 0.010624999999999996 0.07129500000000007
1 0.3368359375 0.49667709224011714 0.013749999999999984 0.07129499999999998
1 0.3542578125 0.49352131918008785 0.010000000000000009 0.05440900000000005
1 0.3769140625 0.4935914172767204 0.01937500000000003 0.03470899999999994
1 0.392265625 0.5023060922401171 0.020625000000000004 0.07129499999999998
1 0.4208203125 0.48917309224011707 0.02562500000000001 0.0712940000000001
1 0.4387890625 0.4979137057101025 0.01874999999999999 0.061914
1 0.455625 0.4993778345534407 0.03187499999999999 0.06566599999999999
1 0.501328125 0.4905930614934114 0.03562500000000002 0.04878000000000006
1 0.5301171875 0.5044807057101025 0.02312499999999995 0.062851
1 0.5738671875 0.48226431918008783 0.021874999999999978 0.054408999999999964
1 0.6139453125 0.49315360761347 0.02562500000000001 0.08442699999999997
1 0.6345703125 0.48121206149341145 0.02562500000000001 0.04784299999999997
1 0.6612890625 0.4768638345534408 0.01937500000000003 0.0656659999999999
1 0.6796875 0.4768196749633968 0.016874999999999973 0.04033800000000002
1 0.6957421875 0.5058747364568082 0.02312499999999995 0.08724199999999996
1 0.7263671875 0.485034159590044 0.02187500000000009 0.028142999999999946
1 0.75328125 0.47183106149341136 0.03937499999999994 0.04971900000000009
1 0.7465625 0.4809845461200586 0.016249999999999987 0.03658499999999998
1 0.785703125 0.4937488345534407 0.03562500000000002 0.06566700000000004
1 0.8875 0.4854200922401171 0.0318750000000001 0.07129500000000007
1 0.985546875 0.4893564480234261 0.02749999999999997 0.056285999999999975
