0 0.308828125 0.5813676411483254 0.22312500000000002 0.204598
0 0.096484375 0.7017121913875598 0.168125 0.22682000000000005
0 0.1015625 0.5586971626794258 0.1725 0.14252800000000002
0 0.26937500000000003 0.5079912679425838 0.18875 0.11494200000000003
0 0.424375 0.4582380622009569 0.125625 0.09961700000000005
0 0.5214062500000001 0.4283155119617225 0.07124999999999998 0.07739499999999995
0 0.57703125 0.4097936172248804 0.03937500000000005 0.05210799999999996
0 0.6683203125 0.7430911913875599 0.21437499999999998 0.2268199999999999
0 0.62515625 0.3920762727272727 0.04062500000000002 0.04674300000000003
0 0.665625 0.3865621339712919 0.03125 0.05823799999999998
0 0.6880859375 0.3755541004784688 0.015000000000000013 0.044444000000000095
0 0.7067578125 0.37258244497607657 0.011249999999999982 0.04980800000000003
0 0.728515625 0.3644892727272727 0.020000000000000018 0.046744000000000015
0 0.7803515625 0.36080741148325357 0.06624999999999992 0.033717
0 0.82515625 0.37076941148325354 0.03937499999999994 0.03448300000000007
