1 0.0634765625 0.5364065833333332 0.12875 0.17583300000000004
1 0.072265625 0.6789580000000001 0.145625 0.15666700000000003
1 0.0810546875 0.8765628333333334 0.1625 0.24499999999999997
1 0.061054687499999996 0.4679163333333333 0.06875 0.10583400000000005
1 0.1721484375 0.5411975833333332 0.09312499999999999 0.08083400000000014
1 0.2312890625 0.6386461666666666 0.175625 0.22416599999999995
1 0.269921875 0.8748958333333333 0.21562499999999998 0.2466670000000001
1 0.379140625 0.6406770833333334 0.11375000000000002 0.22249999999999992
1 0.438671875 0.7707295 0.1225 0.45500000000000007
1 0.475 0.5341663333333334 0.03250000000000003 0.04249999999999998
1 0.548203125 0.7751562499999999 0.09812500000000002 0.4466670000000001
1 0.632109375 0.7987496666666667 0.07500000000000007 0.39833400000000013
1 0.6963671875 0.8212503333333334 0.05312499999999998 0.355
1 0.75171875 0.8364583333333334 0.055625000000000036 0.3241669999999999
1 0.81 0.8472395833333334 0.06437499999999996 0.30166699999999996
1 0.8785546875 0.8620836666666666 0.06874999999999998 0.27250000000000013
1 0.9533984375 0.8701041666666667 0.09187500000000004 0.25666700000000003
