1 0.345625 0.16328158333333334 0.5956250000000001 0.27
1 0.17625 0.4332815833333334 0.250625 0.26916599999999996
1 0.134921875 0.7271354166666666 0.1525 0.1716670000000001
1 0.515546875 0.8140628333333334 0.8087500000000001 0.37000000000000005
1 0.4024609375 0.3586975833333333 0.2025 0.080834
1 0.5314453125 0.38661491666666664 0.05687500000000001 0.06000000000000005
1 0.6519140625 0.19572916666666665 0.050000000000000044 0.03750000000000001
1 0.72078125 0.29286425 0.039999999999999925 0.04
1 0.7565625 0.23880241666666668 0.04812499999999997 0.04666599999999995
1 0.7554296875 0.3250520833333333 0.03875000000000006 0.06583300000000003
1 0.7763671875 0.46390591666666664 0.05312499999999998 0.09333399999999996
1 0.910390625 0.7555211666666666 0.176875 0.44416600000000006
