0 0.4750390625 0.6488538333333334 0.018125000000000002 0.02749999999999993
0 0.4963671875 0.6341145833333334 0.021874999999999978 0.020832999999999952
0 0.504609375 0.6311455 0.011874999999999969 0.017499999999999998
0 0.5238671875 0.6396878333333333 0.02312499999999995 0.027500000000000007
0 0.5466015625 0.6733333333333333 0.03374999999999995 0.0416669999999999
0 0.5400390625 0.6291145833333333 0.01937500000000003 0.019167000000000083
0 0.579765625 0.63505175 0.020625000000000004 0.025834000000000062
0 0.59203125 0.63223925 0.008750000000000036 0.009166999999999925
0 0.6197265625 0.6668746666666667 0.03374999999999995 0.053333999999999916
0 0.7984375 0.69234375 0.046875 0.055000000000000014
0 0.9683984375 0.7794788333333332 0.06125000000000003 0.05833400000000003
