1 0.1120703125 0.42473498828696926 0.089375 0.18292699999999992
1 0.05078125 0.6438887803806734 0.103125 0.40619099999999997
1 0.15226562500000002 0.6233727554904832 0.11437499999999999 0.290807
1 0.1925 0.6338761112737921 0.095 0.2767349999999999
1 0.2323046875 0.6359182459736457 0.06937500000000002 0.18855500000000003
1 0.3115234375 0.6227410863836017 0.06187500000000001 0.16135100000000002
1 0.3666796875 0.6178926691068815 0.06937499999999996 0.12945599999999985
1 0.4789453125 0.6191811595900439 0.026874999999999982 0.028141999999999973
1 0.49671875 0.6158410307467057 0.024375000000000036 0.026266000000000022
1 0.5487109375 0.5997086749633969 0.01375000000000004 0.03846199999999999
1 0.5634375 0.597420803806735 0.016874999999999973 0.04221400000000006
1 0.5832421875 0.5905561903367497 0.02312499999999995 0.05159499999999995
1 0.5994921875 0.5854533191800879 0.02312499999999995 0.05440900000000005
1 0.6226171875 0.5733284172767205 0.02187500000000009 0.03470899999999994
1 0.6886328125 0.5403552210834554 0.04125000000000001 0.07504699999999996
1 0.835 0.5106348345534407 0.03125 0.0656659999999999
1 0.878984375 0.5004560307467056 0.013124999999999942 0.024389999999999988
1 0.9185546875 0.4811679019033675 0.007499999999999951 0.021576000000000057
1 0.9478125 0.4539639019033675 0.015625 0.021575999999999974
