0 0.0302734375 0.5963893333333332 0.060625 0.043333000000000114
0 0.0637890625 0.5846532222222222 0.019374999999999996 0.038888000000000034
0 0.10796875 0.6015976666666666 0.05562500000000001 0.05444400000000006
0 0.2475390625 0.5950698888888888 0.05000000000000002 0.060000000000000005
0 0.29515625 0.5993746666666666 0.03999999999999998 0.052222999999999985
0 0.3376171875 0.6307641111111111 0.05312499999999998 0.06888900000000003
0 0.4273046875 0.6035412222222222 0.03749999999999998 0.038889000000000076
0 0.449609375 0.5975695555555556 0.012500000000000011 0.01999999999999997
0 0.4746484375 0.6077777777777778 0.030624999999999958 0.05666700000000002
0 0.499375 0.6322217777777778 0.06374999999999997 0.05777799999999998
0 0.5203515625 0.6082636666666666 0.03437499999999993 0.05222200000000004
0 0.59875 0.6092364444444445 0.03312499999999996 0.04555499999999984
0 0.6580859375 0.6198615555555556 0.04625000000000001 0.05000000000000002
0 0.6877734375 0.592917111111111 0.030625000000000013 0.036666000000000115
0 0.7078125 0.616180888888889 0.0475000000000001 0.05999999999999991
0 0.7625390625 0.6159024444444445 0.04999999999999993 0.047778
0 0.822265625 0.6193746666666667 0.05249999999999999 0.052222999999999985
0 0.8757421875 0.6250698888888889 0.05312499999999998 0.061110999999999964
0 0.9327734375 0.6238196666666667 0.06125000000000003 0.05222200000000004
0 0.9719921875 0.6184028888888888 0.053749999999999964 0.06222200000000003
