0 0.5705078125 0.6717705 0.855 0.17250000000000001
0 0.2828125 0.6934895833333332 0.26749999999999996 0.11250000000000004
0 0.5120703125 0.6583854166666666 0.1825 0.10833300000000001
0 0.7076171875 0.64682325 0.11624999999999996 0.070833
0 0.84609375 0.7433854166666666 0.30562500000000004 0.2341670000000001
0 0.7975 0.6232291666666666 0.06374999999999997 0.03833300000000003
0 0.88703125 0.6143229166666666 0.07062499999999994 0.030833000000000037
0 0.9494140625 0.6079684166666667 0.05062499999999992 0.04499999999999993
0 0.964453125 0.635208 0.06812499999999999 0.09583399999999997
0 0.98359375 0.6028125 0.024374999999999925 0.016666999999999987
