1 0.6466015625 0.7542343529411765 0.15937500000000004 0.26177
1 0.0185546875 0.7469125294117647 0.038125 0.36817300000000003
1 0.057109375000000004 0.718779705882353 0.074375 0.37476500000000007
1 0.111171875 0.7000221764705883 0.05875 0.30696799999999985
1 0.1595703125 0.8309816470588236 0.12 0.2410549999999999
1 0.164375 0.6617974705882353 0.06375 0.183616
1 0.263359375 0.8229723529411765 0.16875 0.262712
1 0.2206640625 0.6619891176470588 0.08062499999999997 0.12146900000000004
1 0.3316796875 0.7266834117647059 0.10000000000000003 0.29755200000000015
1 0.3940234375 0.7189180588235294 0.09249999999999997 0.28813600000000006
1 0.43828125 0.7289798235294117 0.07187499999999997 0.29566799999999993
1 0.4867578125 0.7239861764705883 0.07312500000000005 0.25800399999999984
1 0.5378515625 0.7289798235294117 0.06562500000000004 0.29566799999999993
1 0.7740234375 0.7764732352941176 0.15500000000000003 0.292844
1 0.7636328125 0.5635732352941176 0.104375 0.19303199999999998
1 0.865625 0.7667610000000001 0.15812500000000007 0.301318
1 0.9675 0.6602861764705882 0.06312499999999999 0.108286
1 0.9677734375 0.7772156470588236 0.06187500000000001 0.13841800000000007
