0 0.0439453125 0.7984378333333334 0.089375 0.08999999999999986
0 0.21484375 0.4934899166666667 0.43125 0.15499999999999994
0 0.0676953125 0.8306246666666667 0.12 0.11499999999999992
0 0.07390625 0.7062500000000002 0.10249999999999998 0.06416699999999986
0 0.126796875 0.8538545000000001 0.12125 0.10999999999999988
0 0.2280859375 0.9614583333333334 0.14 0.07416699999999994
0 0.26 0.7448955 0.09437499999999999 0.07916699999999999
0 0.292265625 0.9330205 0.14562499999999998 0.11000000000000003
0 0.298203125 0.62036425 0.06687499999999996 0.040000000000000036
0 0.3393359375 0.62375 0.07749999999999996 0.06333300000000001
0 0.449453125 0.64234375 0.06812499999999999 0.05666699999999995
0 0.4929296875 0.66317675 0.06937499999999996 0.05666700000000002
0 0.5884375 0.6896871666666667 0.08000000000000007 0.06916699999999991
