1 0.10035156249999999 0.9313269267935578 0.09625 0.135085
1 0.390390625 0.8861327920937042 0.27 0.22420299999999993
1 0.6288671875 0.4992679355783309 0.7406250000000001 0.9990619999999999
1 0.5762499999999999 0.8811441786237189 0.21937500000000004 0.23358399999999999
1 0.718515625 0.8139362342606149 0.4575 0.36960599999999993
1 0.749140625 0.6606423016105418 0.45875 0.327392
1 0.7808984375 0.5571729092240116 0.43625 0.40994300000000006
1 0.78421875 0.08931185944363104 0.43000000000000005 0.181051
1 0.824375 0.3675733689604685 0.3450000000000001 0.283302
1 0.87375 0.29821674963396777 0.25 0.38086299999999995
