1 0.1572265625 0.5060934483430799 0.31625 0.057356999999999984
1 0.05 0.9765544951267056 0.064375 0.043641
1 0.1783203125 0.6086537192982457 0.24437499999999998 0.07231900000000001
1 0.2215234375 0.7752252046783626 0.18749999999999997 0.20199499999999995
1 0.195234375 0.9215338596491228 0.04375000000000001 0.037407000000000024
1 0.2765625 0.9284711773879142 0.04749999999999999 0.04114700000000009
1 0.497578125 0.5094474015594541 0.3175 0.06982600000000007
1 0.3728125 0.9740604951267056 0.04749999999999999 0.04613500000000002
1 0.5291015625 0.7111944658869396 0.2525 0.301746
1 0.5406640625 0.9735168128654971 0.11312500000000003 0.04862799999999991
1 0.52625 0.9256609064327486 0.03249999999999997 0.024937999999999943
1 0.609296875 0.924887812865497 0.06000000000000005 0.04862900000000004
1 0.62828125 0.7490948966861598 0.07062499999999994 0.10972500000000002
1 0.724765625 0.9645594015594543 0.083125 0.06733199999999988
1 0.888125 0.7627572046783626 0.22062499999999996 0.20199500000000006
1 0.826796875 0.9414838596491228 0.028125000000000067 0.03615999999999996
1 0.8775390625 0.9681427660818713 0.11187499999999995 0.059849999999999924
1 0.8680078125 0.9201292241715399 0.04249999999999998 0.029925000000000184
1 0.95171875 0.929875812865497 0.055625000000000036 0.04862800000000002
