1 0.32640212298682286 0.2190234375 0.09474599999999998 0.09374999999999997
1 0.3450498653001464 0.3322265625 0.09005599999999997 0.09750000000000003
1 0.42760086530014635 0.686875 0.08911800000000007 0.125
1 0.5106001786237189 0.1384765625 0.23358400000000007 0.06500000000000002
1 0.4826320307467057 0.1708984375 0.025329000000000018 0.030625000000000013
1 0.5078909326500731 0.6001171875 0.04596600000000004 0.05437500000000006
1 0.5105906749633967 0.2830859375 0.04033800000000002 0.04625000000000001
1 0.5183932884333822 0.2495703125 0.03095700000000004 0.02562500000000001
1 0.6208823074670571 0.7291015625 0.236398 0.15874999999999995
1 0.5477459633967788 0.1873828125 0.06941900000000002 0.04250000000000001
1 0.5550925461200585 0.2773046875 0.03564800000000006 0.03750000000000003
1 0.5871901229868228 0.2326953125 0.09474599999999994 0.05812500000000001
1 0.5580909019033676 0.361875 0.020637999999999917 0.03249999999999997
1 0.5878122884333822 0.27625 0.030956999999999957 0.03250000000000003
1 0.6186550307467057 0.2773046875 0.025328000000000045 0.03750000000000003
1 0.7092726017569546 0.1087109375 0.174484 0.10750000000000001
1 0.6719157364568082 0.172890625 0.08724199999999996 0.05125000000000002
1 0.701732159590044 0.2072265625 0.028142999999999946 0.03437500000000002
1 0.7577637057101025 0.15296875 0.06378999999999994 0.086875
