1 0.1627734375 0.21630175 0.21749999999999997 0.213334
1 0.347109375 0.28499966666666665 0.044375 0.08333399999999998
1 0.42921875 0.29249966666666666 0.055625000000000036 0.08416700000000006
1 0.468671875 0.28239549999999997 0.02749999999999997 0.07916700000000003
1 0.4968359375 0.28578125 0.04500000000000004 0.101667
1 0.532109375 0.25515658333333335 0.10624999999999996 0.23750000000000004
1 0.5898046875 0.25958366666666666 0.03874999999999995 0.146666
1 0.6455859375 0.25734341666666666 0.07624999999999993 0.13833399999999996
1 0.681953125 0.243958 0.09937499999999999 0.156667
1 0.7289453125 0.2059375 0.15125 0.298333
1 0.8098046875 0.2126045 0.16312499999999996 0.29833299999999996
