0 0.8736414375 0.6925003333333334 0.24885500000000005 0.227083
0 0.1433608125 0.733917 0.10534400000000001 0.07291599999999987
0 0.25185425 0.7347503333333334 0.19541999999999998 0.1
0 0.3888729375 0.71375 0.04580200000000001 0.04166699999999992
0 0.444633 0.7112503333333334 0.032061000000000006 0.027082999999999934
0 0.5328110625 0.7039166666666666 0.05038200000000004 0.04583300000000008
0 0.5706210625 0.708 0.01832100000000003 0.016667000000000067
0 0.5843610625 0.7072503333333334 0.01832100000000003 0.02083299999999993
0 0.612998125 0.7064996666666667 0.036641000000000035 0.022916999999999917
0 0.680105 0.7122496666666666 0.06412200000000001 0.045833999999999986
