1 0.06640625 0.38791644444444445 0.134375 0.4533339999999999
1 0.4501953125 0.10243055555555555 0.900625 0.205556
1 0.17296875 0.32805555555555554 0.05499999999999999 0.237778
1 0.2086328125 0.3416662222222222 0.04187500000000002 0.19666699999999995
1 0.245546875 0.363681 0.06 0.15777699999999997
1 0.313203125 0.4022217777777778 0.06687499999999996 0.058889000000000045
1 0.3700390625 0.3936112222222222 0.04999999999999999 0.07222200000000001
1 0.4045703125 0.3641671111111111 0.02562500000000001 0.09777700000000003
1 0.4505078125 0.35993055555555553 0.04125000000000001 0.08222200000000005
1 0.5192578125 0.3142356666666667 0.10499999999999998 0.24111200000000002
1 0.6391015625 0.29548655555555553 0.03437499999999993 0.08000000000000002
1 0.6526953125 0.2718058888888889 0.02562500000000001 0.09333299999999999
1 0.68296875 0.20402766666666666 0.05499999999999994 0.147778
1 0.671640625 0.3208331111111111 0.020625000000000004 0.09777799999999998
1 0.6865625 0.3415974444444444 0.016875000000000084 0.11000000000000007
1 0.7025390625 0.3450698888888889 0.018125000000000058 0.061110999999999964
1 0.73765625 0.3589585555555555 0.040000000000000036 0.14555500000000007
1 0.76078125 0.22083311111111112 0.040000000000000036 0.10000000000000003
1 0.7752734375 0.4077085555555555 0.06062500000000004 0.08222199999999999
1 0.78640625 0.10180544444444445 0.040000000000000036 0.202222
1 0.799375 0.26513888888888887 0.03312500000000007 0.09111100000000001
1 0.8073046875 0.14881933333333333 0.03750000000000009 0.13666699999999998
1 0.846328125 0.41069488888888883 0.06687500000000002 0.09111100000000001
1 0.8322265625 0.3322225555555555 0.03374999999999995 0.11333300000000006
1 0.8341796875 0.23701377777777777 0.03749999999999998 0.213333
1 0.8609375 0.1373608888888889 0.016249999999999987 0.093334
1 0.8841796875 0.09631966666666666 0.03749999999999998 0.177778
1 0.9825 0.13368055555555555 0.03249999999999997 0.27
