1 0.009765625 0.46171841666666663 0.020312 0.04583400000000001
1 0.03203075 0.45286425 0.023437999999999997 0.03958399999999992
1 0.0546875 0.27421875 0.015625 0.02499999999999995
1 0.0623041875 0.46406216666666666 0.021875000000000006 0.03750000000000001
1 0.0951176875 0.4567705 0.039062 0.04791699999999999
1 0.0943359375 0.2749996666666667 0.014062000000000005 0.022916999999999965
1 0.119922375 0.2526038333333333 0.012500000000000011 0.027083999999999997
1 0.1281245 0.2791666666666666 0.01718800000000001 0.022917000000000038
1 0.1361328125 0.2505208333333333 0.010938000000000003 0.02708300000000004
1 0.1603510625 0.4455729166666667 0.01874999999999999 0.029166999999999943
1 0.1837890625 0.2682295 0.018750000000000017 0.01666600000000003
1 0.2451176875 0.273958 0.007812000000000013 0.03125
1 0.29921825 0.3278645833333333 0.03906299999999996 0.08125000000000009
1 0.362108875 0.3382815833333333 0.059375999999999984 0.08333299999999995
1 0.38828125 0.2739583333333333 0.007812999999999959 0.010417000000000046
1 0.421484375 0.3705729166666667 0.012499999999999956 0.029167000000000016
1 0.4541010625 0.340625 0.018751000000000018 0.03125
1 0.4740229375 0.3838538333333334 0.014062999999999992 0.02708399999999996
1 0.4749995 0.2708336666666667 0.01718799999999998 0.022915999999999975
1 0.4927739375 0.2651038333333333 0.014062000000000019 0.027084000000000035
1 0.5124995 0.42213575 0.01718799999999998 0.02500000000000006
1 0.591015625 0.24453158333333333 0.020311999999999997 0.02083299999999999
1 0.60546825 0.2377604166666667 0.009374999999999911 0.014582999999999976
1 0.6197260625 0.23046875 0.018750000000000044 0.024999999999999984
1 0.658203625 0.23463575 0.020311999999999997 0.025000000000000022
1 0.6623051875 0.27994825 0.02187399999999995 0.04166599999999998
1 0.76953075 0.22369758333333334 0.02343799999999996 0.018750000000000006
1 0.846484375 0.27708333333333335 0.13750000000000007 0.10416699999999997
1 0.9298828125 0.3463538333333333 0.010938000000000003 0.027083999999999997
