1 0.2734375 0.26061493411420206 0.546875 0.522514
1 0.5987890625 0.40693692679355786 0.11250000000000004 0.13696099999999997
1 0.6896875 0.44080396339677896 0.078125 0.06754299999999991
1 0.69859375 0.4929951903367496 0.08750000000000002 0.05065699999999998
1 0.7566796875 0.44702919033674965 0.06937499999999996 0.052532999999999934
1 0.7826171875 0.49258331918008785 0.08437499999999998 0.05440900000000005
1 0.78828125 0.5274766749633968 0.07062499999999994 0.03846099999999993
1 0.8041015625 0.4472567057101025 0.03375000000000006 0.061914
1 0.83796875 0.4255674480234261 0.05499999999999994 0.05722299999999998
1 0.8737109375 0.5240135710102489 0.10750000000000004 0.150094
1 0.8869921875 0.42444509224011706 0.053750000000000075 0.0712940000000001
1 0.945859375 0.4574624480234261 0.10625000000000007 0.05628499999999992
1 0.95484375 0.41044319033674964 0.08750000000000002 0.05065699999999998
1 0.9587890625 0.5234001229868228 0.08062500000000006 0.09568499999999996
