1 0.163046875 0.542292 0.2775 0.6583330000000001
1 0.0715234375 0.15755208333333334 0.12375000000000001 0.316667
1 0.3260546875 0.07552083333333333 0.41312499999999996 0.151667
1 0.5405078125 0.4511975833333333 0.635625 0.3308339999999999
1 0.4592578125 0.7071354166666666 0.3225 0.42
1 0.5663671875 0.12890625 0.11624999999999996 0.258333
1 0.759296875 0.8004166666666667 0.46499999999999997 0.39666700000000005
1 0.8034375 0.6601559166666666 0.39125 0.530834
1 0.7600390625 0.03125 0.26875000000000004 0.065
1 0.859453125 0.18312499999999998 0.130625 0.15833299999999997
1 0.8590625 0.09260416666666667 0.1100000000000001 0.13249999999999998
1 0.89421875 0.3457295 0.11750000000000005 0.203333
1 0.9825 0.4633336666666667 0.03249999999999997 0.08416599999999996
