1 0.017595307917888565 0.271875 0.035681 0.06312500000000001
1 0.026392961876832845 0.1783203125 0.053521000000000006 0.08875
1 0.14169175073313783 0.2594140625 0.115493 0.14437500000000003
1 0.26059409677419354 0.3674609375 0.09765199999999997 0.10750000000000004
1 0.3184119618768328 0.3440625 0.05446000000000003 0.07874999999999999
1 0.3344254428152493 0.413984375 0.079812 0.07500000000000001
1 0.3793294105571847 0.3027734375 0.046947999999999976 0.029374999999999984
1 0.4664077184750733 0.380234375 0.08450699999999994 0.07500000000000001
1 0.6975743401759532 0.3904296875 0.06948299999999992 0.06874999999999998
1 0.7651152697947214 0.403046875 0.08920199999999998 0.059374999999999956
1 0.8602464428152493 0.454375 0.079812 0.09562500000000007
1 0.8883134809384164 0.488046875 0.028169000000000062 0.06000000000000005
1 0.9283282375366569 0.491015625 0.05633799999999996 0.05124999999999996
1 0.9786855835777126 0.465234375 0.03943699999999998 0.07500000000000007
