1 0.7483984375 0.23162997071742314 0.18562500000000004 0.454972
1 0.033203125 0.43517596339677894 0.0675 0.06848
1 0.0809765625 0.3825027672035139 0.06625 0.10975599999999999
1 0.1290234375 0.38021489604685216 0.06125 0.111632
1 0.1587890625 0.3435415768667643 0.05000000000000002 0.06003699999999999
1 0.19109375 0.37619022108345535 0.05499999999999999 0.07504699999999996
1 0.2260546875 0.3661698345534407 0.03812500000000002 0.06566599999999999
1 0.35335937500000003 0.28763379209370427 0.26312499999999994 0.223265
1 0.4960546875 0.34061331918008786 0.03750000000000003 0.054408999999999964
1 0.531328125 0.3316441903367497 0.03687499999999999 0.052532999999999976
1 0.531171875 0.3427437730600293 0.028125000000000067 0.018760999999999993
1 0.570703125 0.3229035768667643 0.036250000000000004 0.06097599999999998
1 0.62734375 0.291938859443631 0.11750000000000005 0.179174
1 0.6083203125 0.3329249633967789 0.05687500000000001 0.06941799999999997
1 0.6870703125 0.40765691508052704 0.0893750000000001 0.31707299999999994
1 0.7703515625 0.4449601171303075 0.09749999999999992 0.18480299999999997
1 0.7549609375 0.5674641844802343 0.04625000000000001 0.14071300000000003
1 0.8638671875 0.4301354729136164 0.14812499999999995 0.1716699999999999
1 0.8580859375 0.3597707554904832 0.10875000000000001 0.2917449999999999
1 0.953046875 0.27232796486090777 0.09125000000000005 0.545028
