1 0.03513909224011713 0.4334375 0.073171 0.017500000000000016
1 0.040995607613469986 0.4114453125 0.08349 0.02562500000000001
1 0.009196644216691068 0.4442578125 0.015010000000000003 0.010624999999999996
1 0.02672203074670571 0.521484375 0.025328999999999997 0.013125000000000053
1 0.0534009019033675 0.6843359375 0.022514000000000003 0.01375000000000004
1 0.06529828843338215 0.63203125 0.03095700000000001 0.008749999999999925
1 0.07708141727672035 0.6506640625 0.032832999999999994 0.018750000000000044
1 0.08293793265007321 0.5905078125 0.045966 0.04125000000000001
1 0.09760515959004391 0.6348828125 0.028142000000000004 0.010000000000000009
1 0.11869919033674962 0.60421875 0.05159400000000001 0.023749999999999938
1 0.12755406149341142 0.54921875 0.046904 0.02375000000000005
1 0.28569641142020497 0.3879296875 0.12382699999999998 0.03749999999999998
1 0.3787767057101024 0.3858984375 0.06378999999999999 0.030624999999999958
1 0.4451963499267936 0.374140625 0.07692399999999998 0.020625000000000004
1 0.5194897057101024 0.3757421875 0.061914 0.02250000000000002
1 0.5681122884333822 0.3728125 0.030956999999999874 0.015625
1 0.7609117613469987 0.9809765625 0.19981200000000005 0.03500000000000003
1 0.7352938653001464 0.9491015625 0.09005599999999989 0.03375000000000006
