0 0.181171875 0.0780122044198895 0.34125 0.145005
0 0.2980078125 0.6040038453038673 0.57375 0.47303300000000004
0 0.41890625 0.07049948066298342 0.133125 0.12289999999999998
0 0.5655078124999999 0.8658112044198895 0.13562500000000005 0.14500400000000013
0 0.7453125 0.11900894475138121 0.45375 0.205128
0 0.6926171875 0.8700123425414366 0.11562499999999998 0.13439399999999996
0 0.869375 0.6925752486187845 0.22062499999999996 0.08222799999999993
0 0.8116796875 0.8731086187845304 0.09999999999999998 0.11317500000000005
0 0.87859375 0.48832114364640883 0.21125000000000005 0.16887700000000003
0 0.9263671875 0.8686356795580111 0.11624999999999996 0.08664900000000002
