1 0.0205078125 0.36826347619047617 0.0425 0.35670799999999997
1 0.029296875 0.7498110952380952 0.059375 0.4939029999999999
1 0.05609375 0.41640495238095243 0.05625000000000001 0.20579299999999995
1 0.0833984375 0.757912238095238 0.0925 0.478659
1 0.108515625 0.4824478571428571 0.05124999999999999 0.118902
1 0.1369140625 0.9126013333333333 0.08125 0.16920800000000003
1 0.1384375 0.500754619047619 0.017500000000000016 0.04268300000000008
1 0.146484375 0.5944106666666668 0.011874999999999997 0.03506099999999998
1 0.1618359375 0.5444834761904762 0.013750000000000012 0.05640199999999993
1 0.1675390625 0.8179151904761905 0.019375000000000003 0.083842
1 0.17265625 0.531242619047619 0.008124999999999993 0.03811000000000008
1 0.1849609375 0.5750728095238095 0.013749999999999984 0.021341000000000086
1 0.1842578125 0.5125728095238095 0.009999999999999981 0.021341000000000086
1 0.1842578125 0.5295297142857144 0.009999999999999981 0.03201199999999988
1 0.1952734375 0.6576652857142857 0.030624999999999986 0.07469499999999996
1 0.20921875 0.7422619047619048 0.056249999999999994 0.11280500000000004
1 0.192734375 0.5439167619047619 0.012499999999999983 0.024389999999999915
1 0.19828125 0.5156218095238096 0.008125000000000021 0.02134099999999995
1 0.2042578125 0.5547766666666666 0.010624999999999996 0.036585000000000006
1 0.2373046875 0.6440328571428572 0.03875000000000001 0.11432899999999993
1 0.26328125 0.5350462380952381 0.07125000000000001 0.0807930000000001
1 0.38582031250000004 0.7776426666666666 0.276875 0.43749999999999994
1 0.286875 0.6054584761904762 0.03250000000000003 0.05335399999999994
1 0.3017578125 0.5200059047619048 0.010624999999999996 0.012194999999999958
1 0.3184765625 0.6076505238095239 0.03375 0.050304999999999905
1 0.3148828125 0.5149537619047618 0.010000000000000009 0.02439000000000005
1 0.3229296875 0.505328619047619 0.006249999999999978 0.04115800000000001
1 0.366015625 0.5350462380952381 0.08249999999999996 0.0807930000000001
1 0.359296875 0.5705863809523809 0.02812500000000001 0.06554900000000004
1 0.414140625 0.5205716190476191 0.020625000000000004 0.04115900000000005
1 0.4148828125 0.548489761904762 0.010000000000000009 0.02439100000000003
1 0.5438671875000001 0.8282516666666667 0.24125000000000002 0.33689099999999994
1 0.430859375 0.5242886666666667 0.011875000000000024 0.03506099999999998
1 0.5039843749999999 0.5008421904761905 0.13687500000000002 0.08536599999999996
1 0.6083203125 0.5353364761904762 0.05812500000000009 0.05335400000000001
1 0.656484375 0.527148761904762 0.013124999999999942 0.024389999999999915
1 0.687734375 0.6151564285714286 0.07562499999999994 0.16006099999999998
1 0.670859375 0.5264807142857142 0.012499999999999956 0.030488000000000053
1 0.6800390625 0.6885310952380953 0.01937500000000003 0.09298799999999999
1 0.68640625 0.5234317142857142 0.009375000000000022 0.030487999999999987
1 0.6996875 0.5295297142857144 0.016249999999999987 0.030487999999999918
1 0.7026171875 0.745601142857143 0.021874999999999978 0.08993900000000002
1 0.713984375 0.5319106666666668 0.011874999999999969 0.033536999999999886
1 0.72671875 0.7819106666666668 0.024375000000000036 0.036585000000000006
1 0.733125 0.7099596666666667 0.03312499999999996 0.134146
1 0.73265625 0.539343761904762 0.008750000000000036 0.02743899999999995
1 0.75625 0.7699911428571429 0.03312500000000007 0.088415
1 0.7602734375 0.8594510000000001 0.02937500000000004 0.10213399999999997
1 0.7546875 0.5182782380952381 0.016250000000000098 0.07926800000000002
1 0.7933203125 0.9375728095238095 0.08937499999999998 0.120427
1 0.7631640625 0.6362367142857143 0.018124999999999947 0.030487999999999987
1 0.7743359375 0.5172333809523809 0.01375000000000004 0.065548
1 0.78796875 0.8240131904761906 0.024375000000000036 0.08384099999999994
1 0.784609375 0.5357142857142857 0.013124999999999942 0.07469499999999996
1 0.8021484375 0.7856129523809524 0.030000000000000027 0.10670699999999997
1 0.816953125 0.6868171904761906 0.0368750000000001 0.083842
1 0.8348828125 0.6468929523809523 0.04125000000000001 0.10518299999999994
1 0.9087890625 0.5497097619047618 0.17499999999999993 0.12804900000000002
1 0.8512109375 0.616608619047619 0.01375000000000004 0.04268300000000008
1 0.936875 0.8010891428571429 0.125 0.390244
1 0.90046875 0.6976770952380953 0.024374999999999925 0.09451200000000001
