0 0.046875 0.6467633748169839 0.09375 0.192307
0 0.0771484375 0.44985269399707173 0.155 0.24577899999999997
0 0.1640625 0.36876582284040993 0.328125 0.24859200000000004
0 0.1906640625 0.3685373074670571 0.26875 0.23452199999999995
0 0.2427734375 0.31207666910688137 0.31125 0.13039400000000004
0 0.293671875 0.2646196017569546 0.24625 0.17542299999999997
0 0.3125 0.2529065710102489 0.25 0.15197
0 0.51015625 0.2104737730600293 0.009375000000000022 0.017823000000000016
0 0.5153125 0.22699106149341142 0.016875000000000084 0.04690399999999998
0 0.894140625 0.5714644934114202 0.20875 0.853659
