1 0.0634765625 0.35714285714285715 0.1275 0.71706
1 0.4990234375 0.3852813852813853 0.999375 0.773925
1 0.1030078125 0.33116883116883117 0.1675 0.665742
1 0.1387890625 0.29004329004329005 0.144375 0.582524
1 0.2423046875 0.3008658008658009 0.19437500000000002 0.603329
1 0.3078515625 0.27056277056277056 0.19124999999999998 0.543689
1 0.4019140625 0.2911987662337662 0.269375 0.535368
1 0.4359765625 0.4077251774891775 0.19124999999999998 0.3578360000000001
1 0.485546875 0.34598419480519477 0.15375 0.3925099999999999
1 0.600546875 0.37431213852813855 0.15249999999999997 0.278779
1 0.7123828125 0.4868027316017316 0.135625 0.464633
1 0.7115234375 0.34497516883116885 0.12437500000000001 0.338419
1 0.7901953125 0.3963556883116883 0.12062499999999998 0.3772539999999999
1 0.841875 0.2334506363636364 0.09499999999999997 0.276006
1 0.9208984375 0.2597402597402597 0.155625 0.522885
