1 0.0771484375 0.4138330588235294 0.154375 0.287194
1 0.224609375 0.2926470588235294 0.449375 0.586629
1 0.31640625 0.2911764705882353 0.63375 0.584746
1 0.400078125 0.3509055882352941 0.036250000000000004 0.10357799999999996
1 0.477890625 0.4148273529411764 0.11499999999999999 0.31450100000000003
1 0.540078125 0.45398511764705884 0.06812499999999999 0.22222199999999992
1 0.569453125 0.4342227058823529 0.03562500000000002 0.17514100000000005
1 0.62671875 0.39501264705882355 0.08625000000000005 0.24105400000000005
1 0.805234375 0.16176470588235295 0.38750000000000007 0.3258
1 0.68828125 0.4549377058823529 0.07187500000000002 0.17420000000000008
1 0.7303515625 0.41665805882352946 0.06500000000000006 0.285311
1 0.770703125 0.4162456470588235 0.0668749999999999 0.28907700000000003
1 0.82359375 0.4492992941176471 0.055625000000000036 0.12711899999999993
1 0.95609375 0.38268558823529414 0.05625000000000002 0.35498999999999997
1 0.985546875 0.5015672352941176 0.02749999999999997 0.8418080000000001
