1 0.07703125 0.18375 0.134375 0.188333
1 0.1392578125 0.19833333333333333 0.04125000000000001 0.04250000000000002
1 0.183984375 0.1778128333333333 0.04374999999999998 0.059165999999999996
1 0.2233984375 0.19958299999999998 0.03 0.06416700000000002
1 0.2532421875 0.21708366666666667 0.021875000000000033 0.022500000000000003
1 0.29828125 0.22750033333333333 0.07124999999999998 0.04249999999999998
1 0.3639453125 0.23286425 0.08937499999999998 0.03916700000000003
1 0.529375 0.18921875 0.03249999999999997 0.025833000000000033
1 0.6019140625 0.23713541666666668 0.17562500000000003 0.04666699999999998
1 0.5806640625 0.18901075 0.04937499999999995 0.055000000000000014
1 0.664296875 0.20270833333333335 0.028749999999999942 0.012499999999999992
1 0.7841015625 0.23380241666666665 0.19000000000000006 0.04666600000000002
1 0.9407421875 0.21874966666666665 0.11624999999999996 0.022500000000000003
1 0.9386328125 0.23958366666666667 0.10499999999999998 0.02333300000000001
