1 0.0675 0.3946523333333334 0.126875 0.26222299999999993
1 0.148984375 0.42909755555555557 0.136875 0.205555
1 0.22234375 0.3805552222222222 0.14999999999999997 0.197778
1 0.2503125 0.4978475555555556 0.07937500000000003 0.145555
1 0.3340234375 0.30458311111111114 0.09187499999999998 0.287778
1 0.41015625 0.4545835555555555 0.070625 0.17555499999999993
1 0.50125 0.4209028888888889 0.09375 0.18666700000000003
1 0.5816015625 0.40131955555555554 0.06500000000000006 0.207778
1 0.6373046875 0.2669445555555556 0.06937499999999996 0.23888900000000002
1 0.6641796875 0.4802080000000001 0.06937499999999996 0.09555600000000004
1 0.723359375 0.4097918888888889 0.07437499999999997 0.18666600000000003
1 0.8129296875 0.4516662222222222 0.09999999999999998 0.19777800000000006
1 0.9253125 0.417361 0.109375 0.3133329999999999
