0 0.37171875 0.3975298235294118 0.4 0.29566800000000004
0 0.2628125 0.10744958823529412 0.048750000000000016 0.05555599999999998
0 0.2630859375 0.18112894117647058 0.046249999999999986 0.064972
0 0.343046875 0.13469270588235296 0.09000000000000002 0.07532999999999998
0 0.4345703125 0.1322695294117647 0.08937499999999998 0.11958600000000001
0 0.5436328125000001 0.12509664705882353 0.10374999999999995 0.088513
0 0.6534765625 0.10979829411764706 0.09625000000000006 0.07721299999999998
0 0.7324609375 0.1259224705882353 0.10875000000000001 0.084746
0 0.853359375 0.10414829411764706 0.10624999999999996 0.07721300000000002
0 0.9413671875 0.12739305882352941 0.11562499999999998 0.086629
