0 0.1648603125 0.8074131875 0.08823500000000001 0.053921
0 0.15868181250000002 0.68783225 0.073529 0.04084899999999991
0 0.2066676875 0.7456786875 0.09967299999999998 0.037582000000000004
0 0.2492274375 0.6584394375 0.06209200000000001 0.031046000000000018
0 0.2492274375 0.7195346875 0.06209200000000001 0.037582000000000004
0 0.280292625 0.635582625 0.052288 0.021242000000000094
0 0.34923875 0.912288125 0.055555999999999994 0.06699299999999997
0 0.3476239375 0.6437334375 0.045752000000000015 0.031046000000000018
0 0.3610150625 0.7185389375 0.05065400000000003 0.045752000000000015
0 0.376697625 0.655828875 0.052288 0.02777799999999997
0 0.408662625 0.725732375 0.08333299999999999 0.04411799999999999
0 0.4083435 0.916551875 0.07843099999999997 0.05882299999999996
0 0.419819875 0.85051525 0.06045699999999998 0.07189600000000007
0 0.4250601875 0.6545331875 0.053921 0.022876000000000007
0 0.452499875 0.713337 0.06045699999999998 0.03268000000000004
0 0.4851213125 0.91260725 0.08823599999999998 0.07189500000000004
0 0.4867936875 0.858366125 0.06862799999999997 0.066994
0 0.50901225 0.7273855625 0.07189600000000002 0.03431400000000007
0 0.5227800625 0.6574436875 0.05065399999999998 0.037582000000000004
0 0.5488856875 0.9116306875 0.068627 0.068627
0 0.5593279375 0.7074584375 0.076797 0.029411999999999994
0 0.5864485 0.8495386875 0.08006499999999994 0.06862800000000002
0 0.5995013125 0.9067286875 0.08823499999999995 0.068627
0 0.600834375 0.6868556875 0.07516400000000001 0.037580999999999976
0 0.6338335 0.7221260625 0.08006599999999997 0.04901999999999995
0 0.6756216875 0.9067286875 0.10130700000000004 0.07026100000000002
0 0.738727625 0.9034415 0.08333400000000002 0.07843100000000003
0 0.78970075 0.9001735 0.08660100000000004 0.08006500000000005
