0 0.507109375 0.5230076167400881 0.8556250000000001 0.6343989999999999
0 0.4424609375 0.2732557268722467 0.17125000000000007 0.17763199999999998
0 0.560703125 0.19419528781204112 0.06687500000000002 0.031014999999999966
0 0.637734375 0.20253643024963286 0.07562500000000005 0.023497000000000025
0 0.7165625 0.19360786049926576 0.078125 0.049812000000000016
0 0.7845703125 0.2472355800293686 0.12062499999999998 0.12124100000000003
0 0.84265625 0.2045321483113069 0.10250000000000004 0.078948
0 0.895390625 0.35443202055800294 0.20750000000000002 0.28853400000000007
0 0.9076171875 0.19584057268722468 0.021874999999999978 0.01973699999999999
0 0.953046875 0.19672157415565347 0.09125000000000005 0.03853299999999998
0 0.973515625 0.172989859030837 0.05125000000000002 0.02913599999999998
