1 0.0546875 0.4558055718475074 0.110156 0.21101999999999996
1 0.1005859375 0.18475073313782991 0.201562 0.37163
1 0.144140375 0.505604302052786 0.200781 0.12192200000000007
1 0.111327625 0.3807456480938417 0.08203200000000001 0.10433700000000001
1 0.2466799375 0.32066957771260995 0.171093 0.12426700000000003
1 0.585938 0.31085043988269795 0.75 0.622509
1 0.2849614375 0.5056001994134898 0.12421800000000002 0.11137199999999996
1 0.445703125 0.3294569237536657 0.16093800000000003 0.10668200000000001
1 0.5591801875 0.46694412316715544 0.24062499999999998 0.214537
1 0.9373044375 0.2536656891495601 0.12343799999999994 0.508793
