1 0.0271875 0.1911429617755857 0.04875 0.10654999999999999
1 0.01796875 0.32319682490752155 0.024375 0.09944800000000001
1 0.1162890625 0.3162458668310728 0.04937499999999999 0.04814500000000003
1 0.2046875 0.26498473736128236 0.1425 0.14996100000000004
1 0.3623046875 0.3219196387176325 0.03812500000000002 0.03630600000000003
1 0.396796875 0.29577227743526513 0.09000000000000002 0.06945499999999999
1 0.5135156249999999 0.290494140567201 0.05187500000000006 0.06393100000000003
1 0.568203125 0.2790010949445129 0.03562500000000002 0.059984000000000016
1 0.613125 0.2959187792848335 0.06312499999999999 0.09629000000000001
1 0.6603125 0.22433937237977805 0.14187500000000008 0.12864999999999996
1 0.7578125 0.24077114056720098 0.04812499999999997 0.06393
1 0.85296875 0.16178791985203453 0.1812499999999999 0.157853
1 0.8344921875 0.22424355117139336 0.05437500000000006 0.08602999999999997
