0 0.504765625 0.4809375 0.895625 0.6725
0 0.1474609375 0.12937466666666667 0.295625 0.179167
0 0.275390625 0.23432325 0.55125 0.4475
0 0.3369140625 0.10421908333333334 0.04999999999999999 0.06583300000000002
0 0.4552734375 0.13494825000000002 0.060624999999999984 0.103333
0 0.5621484375 0.12265624999999998 0.02937500000000004 0.07083300000000002
0 0.6787890625 0.13005208333333332 0.05062499999999992 0.0675
0 0.71671875 0.1128125 0.024375000000000036 0.016667000000000005
0 0.79203125 0.12098925 0.13437500000000002 0.070834
0 0.9262890625 0.21020833333333333 0.14437500000000003 0.135833
