0 0.032695312500000004 0.5141791671554252 0.025625 0.07887400000000004
0 0.1390625 0.5629275073313783 0.235625 0.144601
0 0.051796875 0.5196471348973607 0.028125000000000004 0.04600899999999997
0 0.2530078125 0.6887863988269795 0.323125 0.21877900000000006
0 0.3167578125 0.5529082697947215 0.13624999999999998 0.0901409999999999
0 0.4392578125 0.6267775073313783 0.16624999999999995 0.144601
0 0.5162890625000001 0.6043716480938417 0.080625 0.10422500000000003
0 0.54125 0.5912256480938416 0.0625 0.10328600000000002
0 0.5605859375 0.5830708211143696 0.04562500000000003 0.09577499999999994
0 0.573359375 0.5776174428152493 0.043749999999999956 0.080751
0 0.579375 0.5719834428152493 0.03187499999999999 0.08075199999999998
0 0.6190234375 0.5656561348973607 0.02937500000000004 0.04600899999999997
0 0.8219921875 0.6627905718475073 0.20999999999999996 0.2084510000000001
0 0.797265625 0.6058379237536657 0.14625 0.10798099999999997
0 0.73390625 0.5458866539589443 0.009375000000000022 0.018779999999999887
