1 0.048828125 0.9360152888243831 0.098125 0.125465
1 0.1246484375 0.8630533193033382 0.24875000000000003 0.150558
1 0.18839843750000002 0.9655377126269957 0.15499999999999997 0.06691499999999995
1 0.28609375 0.9139636821480407 0.024375000000000036 0.0436809999999999
1 0.3359765625 0.5693981973875182 0.09687499999999999 0.05669099999999997
1 0.3701953125 0.8835636676342525 0.12 0.12825200000000003
1 0.475390625 0.9399103947750362 0.14499999999999996 0.11245400000000004
1 0.6011328125 0.95164812191582 0.0731250000000001 0.09386699999999996
1 0.7616015625 0.9149202133526851 0.34625000000000006 0.16542799999999994
1 0.624296875 0.6200936371552975 0.06000000000000005 0.10687699999999994
1 0.662265625 0.6424739245283019 0.05125000000000002 0.03810400000000005
1 0.671015625 0.5782331669085631 0.020625000000000004 0.03252799999999999
1 0.807265625 0.6456061973875181 0.11499999999999999 0.056691000000000054
1 0.79921875 0.5828158185776489 0.08687500000000004 0.052973999999999966
1 0.8296875 0.7168229245283019 0.01749999999999996 0.039963000000000026
1 0.8587890625 0.7236217880986937 0.018750000000000044 0.030669000000000092
1 0.9361328125 0.7584668185776489 0.10499999999999998 0.052973999999999966
