0 0.1611328125 0.5435413333333333 0.010624999999999996 0.012500000000000103
0 0.1895703125 0.9620830000000001 0.05687500000000001 0.06416699999999986
0 0.1742578125 0.69057325 0.010000000000000009 0.009999999999999934
0 0.18203125 0.5269788333333333 0.008750000000000008 0.05833400000000003
0 0.1830078125 0.7052083333333332 0.010624999999999996 0.010833000000000167
0 0.190234375 0.63734375 0.013124999999999998 0.055000000000000014
0 0.196640625 0.85505175 0.020624999999999977 0.025833999999999985
0 0.2230078125 0.7867190833333334 0.04124999999999998 0.06666599999999996
0 0.2140625 0.8366145833333333 0.015625 0.019166999999999934
0 0.2194921875 0.8483857499999999 0.023125000000000007 0.024165999999999983
0 0.284609375 0.8706770833333334 0.10625000000000001 0.0966669999999999
0 0.644765625 0.9201559166666667 0.708125 0.15583400000000003
