1 0.0361328125 0.38810488235294127 0.073125 0.08098000000000002
1 0.1860546875 0.32620182352941174 0.03874999999999998 0.04425600000000003
1 0.2809765625 0.8702138823529412 0.09687500000000002 0.081921
1 0.279140625 0.3939872352941177 0.05250000000000005 0.09322099999999998
1 0.6575 0.5075525294117647 0.03187499999999999 0.16855000000000006
1 0.6942578125 0.5174448235294118 0.04125000000000001 0.14689300000000002
1 0.7299609375 0.7417298823529411 0.07687500000000003 0.13088599999999997
1 0.7762109375 0.9160993529411764 0.10875000000000001 0.163841
1 0.777734375 0.3980388823529411 0.10625000000000007 0.13088500000000006
1 0.7686328125 0.5418851176470588 0.073125 0.0734470000000001
1 0.824921875 0.26621288235294116 0.09124999999999994 0.131826
1 0.8010546875 0.676695 0.03875000000000006 0.152542
1 0.8060546875 0.17089870588235292 0.03749999999999998 0.023540000000000016
1 0.9255859375 0.4936714705882353 0.07687500000000003 0.13371
