0 0.471484375 0.5781774166666667 0.8556250000000001 0.514166
0 0.1560546875 0.330833 0.25687499999999996 0.12749999999999995
0 0.271015625 0.28078091666666666 0.08374999999999996 0.060834000000000055
0 0.37125 0.2800520833333333 0.125 0.06750000000000005
0 0.42625 0.22359408333333333 0.09437499999999999 0.034165999999999995
0 0.5246875 0.2833850833333333 0.10999999999999999 0.0675
0 0.7746875 0.3687496666666667 0.23625000000000007 0.14833399999999997
0 0.7065625 0.21968783333333333 0.04749999999999999 0.02749999999999997
0 0.9134375 0.34203125 0.171875 0.16499999999999995
0 0.865859375 0.2761458333333333 0.07500000000000007 0.059167000000000046
