1 0.677578125 0.5452085555555555 0.16062500000000002 0.45777799999999996
1 0.14164062500000002 0.6988893333333333 0.051250000000000004 0.16777699999999995
1 0.1739453125 0.7720143333333334 0.026874999999999982 0.0755550000000001
1 0.198359375 0.7661106666666666 0.044375 0.08444499999999995
1 0.249609375 0.7577085555555556 0.043125 0.08222199999999999
1 0.2896875 0.7565281111111112 0.04749999999999999 0.16000000000000003
1 0.38078125 0.5983333333333333 0.22812499999999997 0.416667
1 0.5128125 0.6397217777777777 0.36124999999999996 0.43222299999999997
1 0.82953125 0.7220134444444444 0.13374999999999992 0.2955560000000001
1 0.8178125 0.7486108888888888 0.078125 0.15444500000000014
1 0.9244140625 0.7197224444444444 0.11249999999999993 0.26666599999999996
1 0.969296875 0.7311111111111112 0.05937500000000007 0.22555599999999998
