0 0.567986875 0.02468683584131327 0.05952400000000002 0.04375
0 0.633929 0.06075581395348836 0.06398800000000004 0.04791700000000002
0 0.7271665625 0.11140879206566348 0.06547700000000001 0.05208299999999999
0 0.8050126875 0.1545058139534884 0.06845299999999999 0.047917
0 0.8749536875 0.20033881395348835 0.06994 0.04791700000000002
0 0.9057385625 0.37735978112175106 0.06547600000000009 0.05625000000000001
0 0.9251771875 0.35313782489740075 0.053571000000000035 0.04583300000000002
0 0.9453125 0.7571787592339262 0.07886899999999997 0.0625
0 0.9508466875 0.24135283584131326 0.06994 0.04166700000000002
0 0.9723310625 0.431526781121751 0.050594999999999946 0.05625000000000005
0 0.980376125 0.38724886867305064 0.03571399999999991 0.035416999999999955
0 0.99348925 0.49564490150478796 0.008928999999999965 0.027084000000000007
0 0.996001125 0.7560619015047879 0.0044639999999999125 0.027083000000000045
