1 0.0712890625 0.2628837979502196 0.144375 0.13227000000000003
1 0.0908203125 0.34655815373352855 0.183125 0.11726000000000002
1 0.15171875 0.30073134992679357 0.086875 0.078799
1 0.20296875 0.2788317979502196 0.11812500000000001 0.13227000000000003
1 0.25277343750000003 0.20852667496339677 0.21812499999999999 0.04033799999999998
1 0.2394921875 0.3604707364568082 0.11624999999999996 0.087242
1 0.289140625 0.3128831903367496 0.05249999999999999 0.05159400000000003
1 0.309921875 0.3657579633967789 0.05874999999999997 0.06941800000000001
1 0.3237890625 0.250328803806735 0.04999999999999999 0.042213999999999974
1 0.3201953125 0.3050795768667643 0.026874999999999982 0.06003799999999996
1 0.3766015625 0.35671873645680824 0.09625 0.087242
1 0.4437109375 0.356332803806735 0.015000000000000013 0.042214000000000015
1 0.4885546875 0.3385971229868228 0.06937500000000008 0.093808
1 0.5718359375 0.32793634992679355 0.07687500000000003 0.078799
1 0.5999609375 0.38266890190336744 0.015000000000000013 0.022513999999999992
1 0.6770703125 0.37390234992679355 0.12 0.07692300000000005
1 0.7250390625 0.3136368345534407 0.04999999999999993 0.06566599999999999
1 0.8614453125 0.31838049780380673 0.275625 0.28611700000000007
1 0.741875 0.2448841595900439 0.03312500000000007 0.029081000000000048
1 0.7659375 0.2568516442166911 0.015625 0.016886000000000012
1 0.780859375 0.25643977306002924 0.012499999999999956 0.018762000000000046
1 0.8024609375 0.24049177306002925 0.015000000000000013 0.019700000000000023
1 0.8387890625 0.23943951537335287 0.01937500000000003 0.01407199999999996
1 0.8562109375 0.23655541727672036 0.015000000000000013 0.032832999999999994
