0 0.02734375 0.6050902231075698 0.056122 0.028645999999999994
0 0.058493937499999996 0.6202583824701196 0.077806 0.049479
0 0.0956835625 0.5894652231075698 0.034437999999999996 0.03125
0 0.121492 0.5934492868525897 0.031887999999999986 0.03906200000000001
0 0.1466243125 0.5906891593625498 0.025510000000000005 0.02083300000000001
0 0.174466125 0.5966652549800797 0.035713999999999996 0.033854
0 0.208546 0.6294504462151395 0.063775 0.05729199999999999
0 0.2939453125 0.6340474780876494 0.08928599999999998 0.0625
0 0.44363825 0.6593309243027888 0.10204099999999999 0.11718799999999999
0 0.4856304375 0.6021845099601594 0.061224999999999974 0.06510499999999997
0 0.646643875 0.5831884143426295 0.05994900000000003 0.05208300000000001
0 0.696149125 0.5779794143426294 0.03571499999999994 0.05208399999999998
0 0.7318836875 0.5842667649402391 0.07015300000000002 0.09895899999999998
0 0.72759875 0.6217945737051793 0.056123000000000034 0.07291600000000002
0 0.81449325 0.6021845099601594 0.07142800000000005 0.06770899999999998
