1 0.05078125 0.544792 0.1025 0.656666
1 0.1218359375 0.486458 0.0775 0.40666699999999995
1 0.1686328125 0.5854166666666667 0.13624999999999998 0.2733329999999999
1 0.248359375 0.39968783333333335 0.2 0.53
1 0.4212109375 0.414375 0.044999999999999984 0.47333300000000006
1 0.454921875 0.2659375 0.027500000000000024 0.176667
1 0.4874609375 0.4038538333333334 0.04624999999999996 0.4033339999999999
1 0.5416015625 0.5636454999999999 0.09750000000000003 0.643334
1 0.629765625 0.427292 0.08374999999999999 0.283333
1 0.7483203125 0.398958 0.1825 0.5333340000000001
1 0.9437109375 0.3916663333333334 0.10875000000000001 0.4166669999999999
