0 0.1098046875 0.6164065833333333 0.10062499999999999 0.04999999999999997
0 0.087734375 0.6026559166666666 0.044375 0.030834000000000028
0 0.196171875 0.6906246666666668 0.24625000000000002 0.11499999999999992
0 0.2283203125 0.6984371666666668 0.24562499999999998 0.13083399999999998
0 0.4016796875 0.5972395833333334 0.03875000000000001 0.050000000000000044
0 0.4189453125 0.58869825 0.026874999999999982 0.04166599999999998
0 0.4919921875 0.5916663333333334 0.05312500000000003 0.041666999999999975
0 0.5382421875000001 0.6144274166666667 0.085625 0.07583299999999997
0 0.5901171875 0.58703125 0.05312499999999998 0.040000000000000036
0 0.695390625 0.6030725833333334 0.0824999999999999 0.05166700000000005
0 0.92484375 0.6528649166666667 0.14875000000000005 0.12250000000000005
0 0.9547265625 0.5695836666666666 0.03375000000000006 0.022500000000000114
0 0.9744140625 0.59036425 0.04937500000000006 0.03999999999999989
