1 0.01234375 0.4690104166666667 0.024999999999999998 0.013332999999999965
1 0.0377734375 0.4703125000000001 0.030625 0.016666999999999987
1 0.0833203125 0.4713538333333333 0.058125 0.02750000000000008
1 0.1197265625 0.4784899166666667 0.03437500000000002 0.03083299999999996
1 0.1491015625 0.48369825 0.035 0.039166000000000034
1 0.177109375 0.48369825 0.043125 0.04083300000000004
1 0.2065234375 0.4539579999999999 0.03 0.03250000000000005
1 0.2409765625 0.4604684166666666 0.03500000000000003 0.045834000000000076
1 0.2740234375 0.4617704999999999 0.030624999999999958 0.0475000000000001
1 0.311484375 0.4742190833333333 0.043125000000000024 0.06666600000000011
1 0.340078125 0.4767705 0.036250000000000004 0.04833400000000002
1 0.369375 0.4803128333333333 0.03187499999999999 0.058333000000000045
1 0.4034765625 0.48140658333333336 0.03375 0.051666000000000066
1 0.4418359375 0.4755211666666666 0.04625000000000001 0.06999999999999999
1 0.4784765625 0.47625 0.03375 0.06333300000000008
1 0.5006640625000001 0.4859375000000001 0.050624999999999976 0.04749999999999995
1 0.5147265624999999 0.46505175 0.03375 0.024166999999999977
1 0.54328125 0.47718716666666666 0.039999999999999925 0.06833399999999996
1 0.563359375 0.4886458333333334 0.04312499999999997 0.057499999999999885
1 0.5897265625 0.4892705 0.03500000000000003 0.04833400000000002
1 0.6016015625 0.47973958333333333 0.034375000000000044 0.050000000000000044
1 0.642109375 0.4585940833333333 0.04312499999999997 0.035833000000000004
1 0.642109375 0.47619825 0.04437500000000005 0.04166599999999998
1 0.7133984375 0.4909375 0.15500000000000003 0.17249999999999996
1 0.809453125 0.48875 0.130625 0.1875
1 0.861015625 0.45145799999999997 0.176875 0.28250000000000003
1 0.9677734375 0.4512496666666666 0.06187500000000001 0.273334
