0 0.5458203125 0.46327170588235295 0.83875 0.525423
0 0.0478515625 0.33353258823529414 0.0975 0.154426
0 0.028203125000000002 0.1762514705882353 0.036875 0.03484000000000002
0 0.1069140625 0.14547470588235292 0.05 0.026365000000000006
0 0.1980859375 0.3238842352941177 0.17187499999999997 0.14218399999999998
0 0.1687109375 0.1414114705882353 0.04500000000000001 0.034839999999999996
0 0.1825390625 0.2040241764705882 0.05000000000000002 0.057439000000000025
0 0.1852734375 0.16201129411764703 0.029375000000000012 0.029190000000000035
0 0.2245703125 0.15865770588235292 0.026874999999999982 0.025423000000000015
0 0.249609375 0.19584541176470588 0.04374999999999998 0.049906000000000006
0 0.2619921875 0.15071129411764705 0.021875000000000033 0.028249000000000028
0 0.2976953125 0.1574194705882353 0.02562500000000001 0.03295699999999997
0 0.3171875 0.19242794117647058 0.048750000000000016 0.06591399999999999
0 0.657421875 0.136629 0.6837500000000001 0.10263699999999998
0 0.3659765625 0.21491076470588236 0.06625000000000003 0.05932200000000002
0 0.4150390625 0.30658570588235295 0.14375 0.12617699999999998
0 0.3784375 0.1743684705882353 0.04750000000000004 0.03484000000000002
0 0.4485546875 0.2025535882352941 0.06875000000000003 0.053672000000000004
0 0.5235937500000001 0.19954852941176474 0.08625 0.06779699999999998
0 0.615546875 0.18342435294117648 0.09062499999999996 0.06214699999999999
0 0.6837890625 0.1771295882352941 0.08062499999999995 0.05555600000000002
0 0.7512890625 0.1752465882352941 0.08187499999999992 0.053672000000000004
0 0.82984375 0.17147958823529413 0.08750000000000002 0.053672999999999985
0 0.8954296875 0.16183123529411766 0.06937500000000008 0.04237299999999999
0 0.9231640625 0.24703135294117648 0.11187499999999995 0.11393599999999997
0 0.95421875 0.155885 0.05500000000000005 0.05273099999999999
